00000000
00000000
00000000
00000000
00000000
00000000
00000000
00000000
00000000
00000000
00000000
00000000
00000000
00000000
00000000
00000000
00000000
00000000
00000000
00000000
00000000
00000000
00000000
00000000
00000000
00000000
00000000
00000000
00000000
00000000
00000000
00000000
00000000
00000000
00000000
11111100
11001100
11010100
10100100
10110100
11001100
11111100
00000000
00000000
00000000
00000000
00000000
00000000
00000000
00000000
00000000
11111100
11001100
11010100
10100100
10110100
11001100
11111100
00000000
00000000
00000000
00000000
00000000
00000000
00000000
00000000
00000000
11111100
11001100
11010100
10100100
10110100
11001100
11111100
00000000
00000000
00000000
00000000
00000000
00000000
00000000
00000000
00000000
11111100
11001100
11010100
10100100
10110100
11001100
11111100
00000000
00000000
00000000
00000000
00000000
00000000
00000000
00000000
00000000
11111100
11001100
11010100
10100100
10110100
11001100
11111100
00000000
00000000
00000000
00000000
00000000
00000000
00000000
00000000
00000000
11111100
11001100
11010100
10100100
10110100
11001100
11111100
00000000
00000000
00000000
00000000
00000000
00000000
00000000
00000000
00000000
00000000
00000000
00000000
00000000
00000000
00000000
00000000
00000000
00000000
00000000
00000000
00000000
00000000
00000000
00000000
00000000
00000000
00000000
00000000
00000000
00000000
00000000
00000000
00000000
00000000
00000000
00000000
00000000
00000000
00000000
00000000
00000000
00000000
00000000
00000000
00000000
00000000
00000000
00000000
00000000
00000000
00000000
00000000
00000000
00000000
00000000
00000000
00000000
11111100
11001100
11010100
10100100
10110100
11001100
11111100
00000000
00000000
00000000
00000000
00000000
00000000
00000000
00000000
00000000
11111100
11001100
11010100
10100100
10110100
11001100
11111100
00000000
00000000
00000000
00000000
00000000
00000000
00000000
00000000
00000000
00000000
00000000
00000000
00000000
00000000
00000000
00000000
00000000
00000000
00000000
00000000
00000000
00000000
00000000
00000000
00000000
11111100
11001100
11010100
10100100
10110100
11001100
11111100
00000000
00000000
00000000
00000000
00000000
00000000
00000000
00000000
00000000
11111100
11001100
11010100
10100100
10110100
11001100
11111100
00000000
00000000
00000000
00000000
00000000
00000000
00000000
00000000
00000000
11111100
11001100
11010100
10100100
10110100
11001100
11111100
00000000
00000000
00000000
00000000
00000000
00000000
00000000
00000000
00000000
11111100
11001100
11010100
10100100
10110100
11001100
11111100
00000000
00000000
00000000
00000000
00000000
00000000
00000000
00000000
00000000
11111100
11001100
11010100
10100100
10110100
11001100
11111100
00000000
00000000
00000000
00000000
00000000
00000000
00000000
00000000
00000000
11111100
11001100
11010100
10100100
10110100
11001100
11111100
00000000
00000000
00000000
00000000
00000000
00000000
00000000
00000000
00000000
11111100
11001100
11010100
10100100
10110100
11001100
11111100
00000000
00000000
00000000
00000000
00000000
00000000
00000000
00000000
00000000
11111100
11001100
11010100
10100100
10110100
11001100
11111100
00000000
00000000
00000000
00000000
00000000
00000000
00000000
00000000
00000000
11111100
11001100
11010100
10100100
10110100
11001100
11111100
00000000
00000000
00000000
00000000
00000000
00000000
00000000
00000000
00000000
11111100
11001100
11010100
10100100
10110100
11001100
11111100
00000000
00000000
00000000
00000000
00000000
00000000
00000000
00000000
00000000
11111100
11001100
11010100
10100100
10110100
11001100
11111100
00000000
00000000
00000000
00000000
00000000
00000000
00000000
00000000
00000000
11111100
11001100
11010100
10100100
10110100
11001100
11111100
00000000
00000000
00000000
00000000
00000000
00000000
00000000
00000000
00000000
11111100
11001100
11010100
10100100
10110100
11001100
11111100
00000000
00000000
00000000
00000000
00000000
00000000
00000000
00000000
00000000
11111100
11001100
11010100
10100100
10110100
11001100
11111100
00000000
00000000
00000000
00000000
00000000
00000000
00000000
00000000
00000000
11111100
11001100
11010100
10100100
10110100
11001100
11111100
00000000
00000000
00000000
00000000
00000000
00000000
00000000
00000000
00000000
11111100
11001100
11010100
10100100
10110100
11001100
11111100
00000000
00000000
00000000
00000000
00000000
00000000
00000000
00000000
00000000
11111100
11001100
11010100
10100100
10110100
11001100
11111100
00000000
00000000
00000000
00000000
00000000
00000000
00000000
00000000
00000000
11111100
11001100
11010100
10100100
10110100
11001100
11111100
00000000
00000000
00000000
00000000
00000000
00000000
00000000
00000000
00000000
00000000
00000000
00000000
00000000
00000000
00000000
00000000
00000000
00000000
00000000
00000000
00000000
00000000
00000000
00000000
01000000
01000000
01000000
01000000
01000000
00000000
00000000
01000000
00000000
00000000
00000000
00000000
00000000
00000000
00000000
00000000
01100000
01100000
01100000
00000000
00000000
00000000
00000000
00000000
00000000
00000000
00000000
00000000
00000000
00000000
00000000
00000000
00101000
00110000
00110000
01111000
01010000
01111000
01010000
01100000
00000000
00000000
00000000
00000000
00000000
00000000
00000000
00010000
00111000
01010100
01010100
01110000
00011000
00010100
01010100
00111000
00010000
00000000
00000000
00000000
00000000
00000000
00000000
00000000
01110010
01010100
01010100
01111000
00001111
00010101
00100101
00100111
00000000
00000000
00000000
00000000
00000000
00000000
00000000
00000000
00111000
01000000
01000100
00111110
01000100
01000100
01000100
00111100
00000000
00000000
00000000
00000000
00000000
00000000
00000000
00000000
01000000
01000000
01000000
00000000
00000000
00000000
00000000
00000000
00000000
00000000
00000000
00000000
00000000
00000000
00000000
00000000
00100000
01000000
01000000
01000000
01000000
01000000
01000000
00100000
00100000
00000000
00000000
00000000
00000000
00000000
00000000
00000000
00000000
10000000
10000000
10000000
10000000
10000000
10000000
00000000
00000000
00000000
00000000
00000000
00000000
00000000
00000000
00000000
00000000
00000000
00000000
00010000
01010100
00111000
00101000
00000000
00000000
00000000
00000000
00000000
00000000
00000000
00000000
00000000
00000000
00000000
00010000
00010000
01111100
00010000
00010000
00000000
00000000
00000000
00000000
00000000
00000000
00000000
00000000
00000000
00000000
00000000
00000000
00000000
00000000
00000000
00000000
10000000
00000000
00000000
00000000
00000000
00000000
00000000
00000000
00000000
00000000
00000000
00000000
00000000
11000000
00000000
00000000
00000000
00000000
00000000
00000000
00000000
00000000
00000000
00000000
00000000
00000000
00000000
00000000
00000000
00000000
00000000
00000000
01000000
00000000
00000000
00000000
00000000
00000000
00000000
00000000
00000000
01000000
01000000
10000000
10000000
10000000
00000000
00000000
00000000
00000000
00000000
00000000
00000000
00000000
00000000
00000000
00000000
00111000
01101100
01000100
01000100
01000100
01000100
01101100
00111000
00000000
00000000
00000000
00000000
00000000
00000000
00000000
00000000
00110000
01010000
00010000
00010000
00010000
00010000
00010000
00010000
00000000
00000000
00000000
00000000
00000000
00000000
00000000
00000000
00110000
01001000
01001000
00001000
00010000
00100000
01000000
11111000
00000000
00000000
00000000
00000000
00000000
00000000
00000000
00000000
01110000
10001000
00001000
00110000
00001000
10001000
10001000
01110000
00000000
00000000
00000000
00000000
00000000
00000000
00000000
00000000
00001000
00011000
00101000
00101000
01001000
11111100
00001000
00001000
00000000
00000000
00000000
00000000
00000000
00000000
00000000
00000000
01111000
10000000
10000000
10110000
11001000
00001000
10001000
01110000
00000000
00000000
00000000
00000000
00000000
00000000
00000000
00000000
00111000
00100100
01000100
01111000
01000100
01000100
01000100
00111000
00000000
00000000
00000000
00000000
00000000
00000000
00000000
00000000
11111000
00001000
00010000
00010000
00100000
00100000
01000000
01000000
00000000
00000000
00000000
00000000
00000000
00000000
00000000
00000000
00111000
01000100
01000100
00111000
01000100
01000100
01000100
00111000
00000000
00000000
00000000
00000000
00000000
00000000
00000000
00000000
00111000
01000100
01000100
01000100
00111100
01000100
01001000
00111000
00000000
00000000
00000000
00000000
00000000
00000000
00000000
00000000
00000000
00000000
01000000
00000000
00000000
00000000
00000000
01000000
00000000
00000000
00000000
00000000
00000000
00000000
00000000
00000000
00000000
00000000
01000000
00000000
00000000
00000000
00000000
01000000
10000000
00000000
00000000
00000000
00000000
00000000
00000000
00000000
00000000
00000000
00000000
00011000
01100000
01000000
00110000
00001000
00000000
00000000
00000000
00000000
00000000
00000000
00000000
00000000
00000000
00000000
00000000
01111000
00000000
01111000
00000000
00000000
00000000
00000000
00000000
00000000
00000000
00000000
00000000
00000000
00000000
00000000
00000000
01100000
00011000
00001000
00110000
01000000
00000000
00000000
00000000
00000000
00000000
00000000
00000000
00000000
00110000
01001000
01001000
00001000
00010000
00010000
00000000
00010000
00000000
00000000
00000000
00000000
00000000
00000000
00000000
00000000
00001110
00110001
00101110
01010010
01010010
01010100
01011011
00100000
00011110
00000000
00000000
00000000
00000000
00000000
00000000
00000000
00010000
00110000
00101000
01001000
01111000
01000100
01000100
10000100
00000000
00000000
00000000
00000000
00000000
00000000
00000000
00000000
01111000
01000100
01000100
01001000
01111100
01000100
01000100
01111000
00000000
00000000
00000000
00000000
00000000
00000000
00000000
00000000
00011100
00100010
01000010
01000000
01000000
01000010
00100010
00111100
00000000
00000000
00000000
00000000
00000000
00000000
00000000
00000000
01111000
01000100
01000010
01000010
01000010
01000010
01000100
01111000
00000000
00000000
00000000
00000000
00000000
00000000
00000000
00000000
01111100
01000000
01000000
01000000
01111000
01000000
01000000
01111100
00000000
00000000
00000000
00000000
00000000
00000000
00000000
00000000
01111100
01000000
01000000
01000000
01111000
01000000
01000000
01000000
00000000
00000000
00000000
00000000
00000000
00000000
00000000
00000000
00011100
00100110
01000010
01000000
01001110
01000010
00100110
00111010
00000000
00000000
00000000
00000000
00000000
00000000
00000000
00000000
01000010
01000010
01000010
01000010
01111110
01000010
01000010
01000010
00000000
00000000
00000000
00000000
00000000
00000000
00000000
00000000
01000000
01000000
01000000
01000000
01000000
01000000
01000000
01000000
00000000
00000000
00000000
00000000
00000000
00000000
00000000
00000000
00001000
00001000
00001000
00001000
00001000
01001000
01001000
00110000
00000000
00000000
00000000
00000000
00000000
00000000
00000000
00000000
01000100
01001000
01010000
01010000
01110000
01010000
01001000
01000100
00000000
00000000
00000000
00000000
00000000
00000000
00000000
00000000
01000000
01000000
01000000
01000000
01000000
01000000
01000000
01111100
00000000
00000000
00000000
00000000
00000000
00000000
00000000
00000000
01100011
01100011
01100011
01010101
01010101
01010101
01011001
01001001
00000000
00000000
00000000
00000000
00000000
00000000
00000000
00000000
01100100
01100100
01100100
01010100
01010100
01010100
01001100
01001100
00000000
00000000
00000000
00000000
00000000
00000000
00000000
00000000
00011100
00100010
01000001
01000001
01000001
01000001
00100010
00011100
00000000
00000000
00000000
00000000
00000000
00000000
00000000
00000000
01111000
01000100
01000100
01000100
01111000
01000000
01000000
01000000
00000000
00000000
00000000
00000000
00000000
00000000
00000000
00000000
00011100
00100010
01000001
01000001
01000001
01000001
00100010
00011111
00000000
00000000
00000000
00000000
00000000
00000000
00000000
00000000
01111000
01000100
01000100
01000100
01111000
01001100
01000100
01000100
00000000
00000000
00000000
00000000
00000000
00000000
00000000
00000000
00111000
01000100
01000000
00100000
00011100
00000100
01000100
00111000
00000000
00000000
00000000
00000000
00000000
00000000
00000000
00000000
01111100
00010000
00010000
00010000
00010000
00010000
00010000
00010000
00000000
00000000
00000000
00000000
00000000
00000000
00000000
00000000
01000100
01000100
01000100
01000100
01000100
01000100
01000100
00111000
00000000
00000000
00000000
00000000
00000000
00000000
00000000
00000000
10000100
01000100
01000100
01001000
00101000
00101000
00110000
00010000
00000000
00000000
00000000
00000000
00000000
00000000
00000000
00000000
10001100
01001100
01001100
01010100
01010101
01010011
00110011
00100011
00000000
00000000
00000000
00000000
00000000
00000000
00000000
00000000
01000100
01001000
00101000
00110000
00110000
00101000
01001000
01000100
00000000
00000000
00000000
00000000
00000000
00000000
00000000
00000000
01000100
01000100
00101000
00101000
00010000
00010000
00010000
00010000
00000000
00000000
00000000
00000000
00000000
00000000
00000000
00000000
01111100
00000100
00001000
00010000
00010000
00100000
01000000
01111100
00000000
00000000
00000000
00000000
00000000
00000000
00000000
01100000
01000000
01000000
01000000
01000000
01000000
01000000
01000000
01000000
01100000
00000000
00000000
00000000
00000000
00000000
00000000
00000000
00000000
00000000
00000000
10000000
10000000
10000000
10000000
01000000
01000000
00000000
00000000
00000000
00000000
00000000
00000000
10000000
10000000
10000000
10000000
10000000
10000000
10000000
10000000
10000000
10000000
00000000
00000000
00000000
00000000
00000000
00000000
00000000
00000000
00000000
00110000
01010000
01010000
01001000
00000000
00000000
00000000
00000000
00000000
00000000
00000000
00000000
00000000
00000000
00000000
00000000
00000000
00000000
00000000
00000000
00000000
00000000
11111000
00000000
00000000
00000000
00000000
00000000
00000000
00000000
00000000
01000000
00000000
00000000
00000000
00000000
00000000
00000000
00000000
00000000
00000000
00000000
00000000
00000000
00000000
00000000
00000000
00000000
00111000
01001000
00001000
01111000
01001000
01111000
00000000
00000000
00000000
00000000
00000000
00000000
00000000
00000000
01000000
01000000
01111000
01000100
01000100
01000100
01000100
01111000
00000000
00000000
00000000
00000000
00000000
00000000
00000000
00000000
00000000
00000000
00111000
01000100
01000000
01000000
01000100
00111000
00000000
00000000
00000000
00000000
00000000
00000000
00000000
00000000
00000100
00000100
00111100
01000100
01000100
01000100
01000100
00111100
00000000
00000000
00000000
00000000
00000000
00000000
00000000
00000000
00000000
00000000
00111000
01000100
01111100
01000000
01000100
00111000
00000000
00000000
00000000
00000000
00000000
00000000
00000000
00000000
01100000
01000000
11100000
01000000
01000000
01000000
01000000
01000000
00000000
00000000
00000000
00000000
00000000
00000000
00000000
00000000
00000000
00000000
00111100
01000100
01000100
01000100
01000100
00111100
01000100
00111000
00000000
00000000
00000000
00000000
00000000
00000000
01000000
01000000
01111000
01100100
01000100
01000100
01000100
01000100
00000000
00000000
00000000
00000000
00000000
00000000
00000000
00000000
01000000
00000000
01000000
01000000
01000000
01000000
01000000
01000000
00000000
00000000
00000000
00000000
00000000
00000000
00000000
00000000
01000000
00000000
01000000
01000000
01000000
01000000
01000000
01000000
01000000
11000000
00000000
00000000
00000000
00000000
00000000
00000000
01000000
01000000
01001000
01010000
01100000
01010000
01010000
01001000
00000000
00000000
00000000
00000000
00000000
00000000
00000000
00000000
01000000
01000000
01000000
01000000
01000000
01000000
01000000
01100000
00000000
00000000
00000000
00000000
00000000
00000000
00000000
00000000
00000000
00000000
01110111
01001001
01001001
01001001
01001001
01001001
00000000
00000000
00000000
00000000
00000000
00000000
00000000
00000000
00000000
00000000
01111000
01100100
01000100
01000100
01000100
01000100
00000000
00000000
00000000
00000000
00000000
00000000
00000000
00000000
00000000
00000000
00111000
01000100
01000100
01000100
01000100
00111000
00000000
00000000
00000000
00000000
00000000
00000000
00000000
00000000
00000000
00000000
01111000
01000100
01000100
01000100
01000100
01111000
01000000
01000000
00000000
00000000
00000000
00000000
00000000
00000000
00000000
00000000
00111100
01000100
01000100
01000100
01000100
00111100
00000100
00000100
00000000
00000000
00000000
00000000
00000000
00000000
00000000
00000000
01110000
01000000
01000000
01000000
01000000
01000000
00000000
00000000
00000000
00000000
00000000
00000000
00000000
00000000
00000000
00000000
01110000
01001000
01100000
00011000
01001000
01111000
00000000
00000000
00000000
00000000
00000000
00000000
00000000
00000000
01000000
01000000
11100000
01000000
01000000
01000000
01000000
01100000
00000000
00000000
00000000
00000000
00000000
00000000
00000000
00000000
00000000
00000000
01000100
01000100
01000100
01000100
01001100
00111100
00000000
00000000
00000000
00000000
00000000
00000000
00000000
00000000
00000000
00000000
10001000
10001000
01010000
01010000
01010000
00100000
00000000
00000000
00000000
00000000
00000000
00000000
00000000
00000000
00000000
00000000
10011001
10011010
01011010
01101010
01100110
00100100
00000000
00000000
00000000
00000000
00000000
00000000
00000000
00000000
00000000
00000000
00100000
10100000
01000000
11000000
10100000
00100000
00000000
00000000
00000000
00000000
00000000
00000000
00000000
00000000
00000000
00000000
10001000
10001000
01010000
01010000
01010000
00100000
00100000
01000000
00000000
00000000
00000000
00000000
00000000
00000000
00000000
00000000
01111000
00001000
00010000
00100000
01000000
01111000
00000000
00000000
00000000
00000000
00000000
00000000
00000000
01100000
01000000
01000000
01000000
01000000
01000000
01000000
01000000
01000000
01100000
00000000
00000000
00000000
00000000
00000000
00000000
01000000
01000000
01000000
01000000
01000000
01000000
01000000
01000000
01000000
01000000
01000000
00000000
00000000
00000000
00000000
00000000
11000000
01000000
01000000
01000000
01000000
01000000
01000000
01000000
01000000
11000000
00000000
00000000
00000000
00000000
00000000
00000000
00000000
00000000
00000000
00000000
00000000
01101000
01011000
00000000
00000000
00000000
00000000
00000000
00000000
00000000
00000000
00000000
00000000
00000000
00000000
00000000
00000000
00000000
00000000
00000000
00000000
00000000
00000000
00000000
00000000
00000000
00000000
00000000
00000000
00000000
00000000
00000000
00000000
00000000
00000000
00000000
00000000
00000000
00000000
00000000
00000000
00000000
00000000
00000000
00111100
01000010
11000010
00100010
01000010
01000010
01000010
01000010
01000010
01000010
01000010
01000010
01000010
01000010
00000000
00000000
01000100
10100100
01100100
00100100
00100100
00100100
00100100
00100100
00100100
00100100
00100100
00100100
00100100
00011000
00000000 
00000000
00101001
01010101
01000101
00001001
00001001
00001001
00011001
00010001
00010001
00010001
00010001
00010001
00010001
00001110
00000000 
00000000
01111110
01000010
11000011
10000001
10000001
10011101
10010101
10111101
10100001
10100001
01100001
01000001
01000001
01000001
00000000
00000000
00100110
01111011
11011001
10000001
10000001
10011101
10010101
10111101
10100001
10100001
01100001
01000001
01000001
01000001
00000000
00000000
01010001
11111001
10101001
10001001
01001001
00001001
00001001
00011001
00010001
00010001
00011001
00110101
01010011
00100001
00000000
00000000
00000100
00001010
00000110
00000010
00000010
00000010
00000010
00000010
01000010
00100010
00010010
00001010
00000110
00000010
00000000
00000000
00111100
01000110
10000010
00000010
00010010
00101010
00010110
00000110
00000010
00000010
00000010
00000010
00000010
00000010
00000000
00000000
01111000
10000100
00000100
00000100
00000100
01000100
10100100
01100100
00100100
00100100
00100100
00101110
00110101
00100010
00000000
00000001
00000011
00000110
01001100
10100100
01100100
00100010
00100010
00100010
00100010
00100010
00100010
00100010
00100100
00011000
00000000
00000001
00000001
01010010
10110100
10010010
00010010
00010010
00100010
00100010
00100010
00100010
00100010
00100010
00100100
00011000
00000000
00000000
00100001
01010001
10001001
01000101
00100101
01000101
01000101
01000101
01000101
01000101
01000101
01000101
01101111
00101001
00000000
00000000
00111001
01001001
01001001
11001001
00101001
01001001
01001001
01001001
01001001
01001001
10101001
01001111
00010000
00100010
00011100
00000000
00111110
01100001
11000001
00100001
00100001
00100001
00100001
00100001
01100001
10100001
01000101
00011001
00101101
00110011
00000001
00000000
00111110
01100001
11000001
00100001
00100001
00100001
00100001
00100001
01100001
10100001
01000001
00010001
01100001
10101101
01010011
00011101
00100110
01111000
10000110
00000010
00011010
00101010
00010110
00000110
00000010
00000010
00000000
00010010
00110001
01101101
01000011
00000000
10100001
11100011
10110011
10010011
01010101
00010101
00010101
00010101
00011001
00011001
00011001
00010001
00010001
00010001
00000000
00000000
01010001
10101001
10101001
10001001
10001001
10001001
10101001
10101001
10101001
10101001
11001001
10011101
10101011
10011001
00000000
00000000
00100000
01010010
10001010
01001010
01001010
01001010
01001010
01001010
01001010
01001010
01001010
11001010
10101101
01001010
00000000
00000000
00011100
00110010
01000001
01000001
01000001
01001001
01010101
01001101
01000101
01001101
01011001
01110001
01100001
01000001
00000000
00000000
00110110
01011101
01001001
01000001
01000001
01001001
01010101
01001101
01000101
01001101
01011001
01110001
01100001
01000001
00000000
00000000
00111100
01000010
11000001
00100001
01000001
01000001
01000001
01000001
01000001
01000001
01000001
01100001
01010001
00100001
00000000
00000000
01100110
10100111
01101101
00101001
00101001
00101001
00101001
00101001
00110001
00110001
00110001
00110001
00100001
00100001
00000000
00000001
00111110
01000000
11111100
00000010
01000010
01000010
01000010
01000010
01000010
01000010
01000010
01000010
01000010
11111110
00000000
00000000
01000100
10100100
01100100
00100100
00100100
00100100
00100100
00100100
00100100
00100100
00100100
00101110
00110101
00100010
00000000
00000000
00000000
01000001
10100001
01100001
00100001
00100001
00100001
00100001
00100001
00100001
00100001
00100001
00100001
01111111
00000000
00000001
00000001
01000001
10100001
01100001
00100001
00100001
00100001
00100001
00100001
00100001
00100001
00100001
00100001
00111111
00000000
00000000
00000000
01000001
10100001
11000001
10000001
10001001
10011001
10011001
10100101
10100101
10100101
11000011
11000001
10000001
00000000
00000001
00000001
01000001
10100001
11000001
10000001
10001001
10011001
10011001
10100101
10100101
10100101
11000011
11000001
10000001
00000000
00000000
00000000
01000001
10100101
01100101
00100101
00100101
00101101
00101101
00101101
00110011
00110011
00110011
00110011
00100001
00000000
00000001
00000001
01000001
10100101
01100101
00100101
00100101
00101101
00101101
00101101
00110011
00110011
00110011
00110011
00100001
00000000
00000000
00111100
01000010
11100010
00010010
00100010
00100010
00100010
00100010
00100010
00100010
00100010
01100010
10100010
01000010
00000000
00000000
01000010
10100010
01100010
00100010
00100010
00100010
00100010
00100010
00100010
00100010
00100010
01111010
10100110
01000010
00000000
00000000
00100010
01010010
01100010
10000010
10000010
01000010
00100010
00100010
01000010
10000010
10000010
10000010
10000010
01111110
00000000
00000000
00110010
01001110
10000000
01110000
00001000
00000100
00000100
00000100
00000100
00000100
00000100
00001100
00010100
00001000
00000000
00000000
01111100
11000010
00100010
01000010
01000010
01000010
01000010
01000010
01000010
01000010
01000010
01100010
01010010
00100010
00000010
00000000
00111100
01000010
10000010
00000010
00000010
00000010
00111110
00100010
01000010
01000010
01000010
01100010
01010010
00100010
00000000
00000000
00111100
01100010
11000010
00100010
00010010
00100010
00100010
00100010
00100010
00100010
00100010
01100010
10100010
01000010
00000010
00000000
00011100
00100010
01000010
01000010
01000010
00000010
00000010
00000010
00000010
00000010
00000010
00000110
00001010
00000100
00000000
00000001
00000011
01111110
01000110
10001101
10001001
10000001
10001001
10010101
10101001
10100001
10100001
11100001
01000001
01000001
00000000
00000000
01000010
10100010
01100010
00100010
01100010
01000010
01001011
01010110
01001010
01000010
01000010
01000010
01000010
11111110
00000000
00000001
00000011
00111010
01000100
01000010
00000010
00000010
00011010
00011010
00100110
01000110
01000110
01100010
01010010
00100010
00000000
00000000
01000010
10100101
01100010
00100101
00100101
00100101
00101001
00101001
00101001
00110001
00110001
00110001
00100001
00100001
00000000
00000011
00000110
01001010
10100110
01100010
00100010
00101010
00101010
00101010
00101010
00110110
00110110
00110110
00110110
00100010
00000000
00000000
00111100
01000010
00000010
00000010
00000010
00000010
00100010
01010010
01100010
01000010
01000010
01000010
01000010
00111100
00000001
00111110
01000110
00111010
00000010
00000010
00000010
00100010
01010010
01100010
01000010
01000010
01000010
01000010
00111100
00000000
00000000
00000000
00000000
00000000
00100110
01011010
01101010
01010010
00100010
00000110
00001000
00001000
00001000
00001000
00001000
00000000
00000000
00000000
00000000
00000000
00000000
00100110
01011100
00110000
00000000
00000000
00100110
01011100
00110000
00000000
00000000
00000000
00000000
00000000
00100010
01010100
00111000
00000000
00000000
00000000
00000000
00000000
01111100
00000000
00000000
00000000
00000000
00000000
00000000
00000000
00111100
01000010
01000010
00000010
00000010
00000010
00000010
00000010
00000010
00000010
00000010
00000010
00000010
00000010
00000000
00100000
01010000
00100000
00001100
00010010
00000010
00000010
00000010
00000010
00000010
00000010
00000010
00000010
00000010
00000010
00000000
00000000
00111000
01000100
11111110
00000000
00000000
00000000
00000000
00000000
01111100
00000000
00000000
00000000
00000000
00000000
00000000
00000010
00111010
01000110
11111110
00000000
00000000
00000000
00000000
00000000
01111100
00000000
00000000
00000000
00000000
00000000
00000000
00000101
00111101
01000111
11111111
00000000
00000000
00000000
00000000
00000000
01111100
00000000
00000000
00000000
00000000
00000000
00000000
00000010
00111101
01000110
11111110
00000000
00000000
00000000
00000000
00000000
01111100
00000000
00000000
00000000
00000000
00000000
00000000
00000000
00000000
00000000
00000000
00000000
00000000
00000000
00000000
00000000
01111100
00000000
00000000
00010000
00101000
00011000
00001000
00000000
00000000
00000000
00000000
00000000
00000000
00000000
00000000
00000000
01111100
00000000
00000000
00011010
00101010
00011010
00001100
00001110
00000000
00000000
00000000
00000000
00000000
00000000
00000000
00000000
00011100
00110110
00100010
00110110
00011100
00000010
00000000
00000000
00000000
00000000
00000000
00011111
00010000
00010000
00010000
00010000
00010000
00010000
00010000
00010000
00011111
00000000
00000000
00000000
00000000
00000000
00000000
00011111
00010000
00010000
00010000
00010000
00010000
00010000
00010000
00010000
00011111
00000000
00000000
00000000
00000000
00000000
00000000
00011111
00010000
00010000
00010000
00010000
00010000
00010000
00010000
00010000
00011111
00000000
00000000
00000000
00000000
00000000
00000000
00011111
00010000
00010000
00010000
00010000
00010000
00010000
00010000
00010000
00011111
00000000
00000000
00000000
00000000
00000000
00000000
00000000
00000000
00000000
00000000
00001000
00010100
00010100
00011010
00010010
00011110
00001000
00000000
00000000
00001000
00001000
00001000
00001000
00001000
00001000
00001000
00001000
00001000
00001000
00001000
00001100
00001010
00000100
00000000
00000000
01001000
01001000
01001000
01001000
01001000
01001000
01001000
01001000
01001000
01001000
01001000
01101100
01011010
00100100
00000000
00000111
01111000
11000000
01100000
00010000
00010000
00010000
00010000
00010000
00010000
00010000
00010000
00011000
00010100
00001000
00000000
01110000
10001000
10101000
01001000
00001000
00001000
00001000
00001000
00001000
00001000
00001000
00001000
00001100
00001010
00000100
00000000
10001000
01011000
00101000
00001000
00001000
00001000
00001000
00001000
00001000
00001000
00001000
00001000
00001100
00001010
00000100
00000000
00000000
00111100
01000010
01000010
00000010
00000010
00000010
00000010
00000010
00000010
00000010
00000010
00000010
00000010
00000010
00000010
00000000
00000000
00000000
00100110
01011010
01101010
01010010
00100010
00000110
00001000
00001000
00001000
00001000
00001000
00000000
00000000
00000010
00111100
01000000
01010100
00101000
00000000
00000000
00000000
00000000
01111100
00000000
00000000
00000000
00000000
00000000
00000000
00001000
00001000
00001000
00000000
00000000
00000000
00000000
00000000
00000000
01111100
00000000
00000000
00000000
00000000
00000000
00000000
00000001
00110010
01010110
00111000
00100000
01000000
00000000
00000000
00000000
01111100
00000000
00000000
00000000
00000000
00000000
00000000
00000001
00101101
01010110
00101100
00000000
00000000
00000000
00000000
00000000
01111100
00000000
00000000
00000000
00000000
00000000
00000000
00001000
00011100
00001000
00000000
00000000
00000000
00000000
00000000
00000000
01111100
00000000
00000000
00000000
00000000
00000000
00000000
00000000
00000000
00000000
00000000
00000000
00000000
00011100
00001000
00000000
00011100
00110110
00100010
00110110
00011100
00000000
00000000
00000000
00000000
00000000
00000000
00000000
00000000
00000000
00000110
00000110
00011100
00110110
00100010
00110110
00011100
00000000
00000000
00000000
00000000
00000000
00000000
00000000
00000000
00000110
00000100
00000000
00011100
00110110
00100010
00110110
00011100
00000000
00000000
00000000
00000000
00000000
00000000
00000000
00000000
00000000
00000000
00000000
00000000
00011100
00111110
00110110
00011100
00000000
00000000
00000000
00000000
00000000
00000000
00000000
00000000
00000000
00000000
00000000
00000000
00011000
00100100
00100100
00011000
00000000
00000000
00000000
00000000
00000000
00000000
00000000
00000000
00000000
00000000
00000000
00000000
00011100
00100010
00101110
00011010
00000000
00000000
00000000
00000000
00000000
00000000
00000000
00000000
00000000
00000000
01000000
01000000
01110100
01101100
01110100
00111000
00000000
00000000
00000000
00000000
00000000
00000000
00000000
00000000
00000000
00000000
00000000
00000000
00110110
00101010
00101010
00111010
00000000
00000000
00000000
00000000
00000000
00000000
00000000
00000000
00000000
00000000
00000000
00000001
00011110
00100000
00101100
00011110
00000000
00000000
00000000
00000000
00000000
00000000
00000000
00000000
00000000
00000000
00000000
00000101
00011110
00100000
00101100
00011110
00000000
00000000
00000000
00000000
00000000
00000000
00000000
00000000
00000000
00000000
00000000
00100000
00101100
00010010
00010010
00011100
00000000
00000000
00000000
00000000
00000000
00000000
00000000
00000000
00000000
00000000
00000000
00000010
00110110
00101010
00101010
00110010
00000000
00000000
00000000
00000000
00000000
00000000
00000000
00000000
00000000
00000000
00000000
00000010
00011110
00100000
00101110
00110110
00000000
00000000
00000000
00000000
00000000
00000000
00000000
00000000
00000000
00000000
00000000
00000010
00010110
00101010
00100100
00011010
00000000
00000000
00000000
00000000
00000000
00000000
00000000
00000000
00000000
00000000
00000000
00101111
00110101
00000101
00000101
00000101
00000000
00000000
00000000
00000000
00000000
00000000
00000000
00000000
00000000
00000000
00000000
00000000
00011000
00011110
00011111
00001100
00000000
00000000
00000000
00000000
00000000
00000000
00011111
00010000
00010000
00010000
00010000
00010000
00010000
00010000
00010000
00011111
00000000
00000000
00000000
00000000
00000000
00000000
00011111
00010000
00010000
00010000
00010000
00010000
00010000
00010000
00010000
00011111
00000000
00000000
00000000
00000000
00000000
00000000
00011111
00010000
00010000
00010000
00010000
00010000
00010000
00010000
00010000
00011111
00000000
00000000
00000000
00000000
00000000
00000000
00011111
00010000
00010000
00010000
00010000
00010000
00010000
00010000
00010000
00011111
00000000
00000000
00000000
00000000
00000000
00000000
00011111
00010000
00010000
00010000
00010000
00010000
00010000
00010000
00010000
00011111
00000000
00000000
00000000
00000000
00000000
00000000
00011111
00010000
00010000
00010000
00010000
00010000
00010000
00010000
00010000
00011111
00000000
00000000
00000000
00000000
00000000
00000000
00011111
00010000
00010000
00010000
00010000
00010000
00010000
00010000
00010000
00011111
00000000
00000000
00000000
00000000
00000000
00000000
00011111
00010000
00010000
00010000
00010000
00010000
00010000
00010000
00010000
00011111
00000000
00000000
00000000
00000000
00000000
00000000
00011111
00010000
00010000
00010000
00010000
00010000
00010000
00010000
00010000
00011111
00000000
00000000
00000000
00000000
00000000
00000000
00011111
00010000
00010000
00010000
00010000
00010000
00010000
00010000
00010000
00011111
00000000
00000000
00000000
00000000
00000000
00000000
00011111
00010000
00010000
00010000
00010000
00010000
00010000
00010000
00010000
00011111
00000000
00000000
00000000
00000000
00000000
00000000
00011111
00010000
00010000
00010000
00010000
00010000
00010000
00010000
00010000
00011111
00000000
00000000
00000000
00000000
00000000
00000000
00011111
00010000
00010000
00010000
00010000
00010000
00010000
00010000
00010000
00011111
00000000
00000000
00000000
00000000
00000000
00000000
00011111
00010000
00010000
00010000
00010000
00010000
00010000
00010000
00010000
00011111
00000000
00000000
00000000
00000000
00000000
00000000
00011111
00010000
00010000
00010000
00010000
00010000
00010000
00010000
00010000
00011111
00000000
00000000
00000000
00000000
00000000
00000000
00011111
00010000
00010000
00010000
00010000
00010000
00010000
00010000
00010000
00011111
00000000
00000000
00000000
00000000
00000000
00000000
00011111
00010000
00010000
00010000
00010000
00010000
00010000
00010000
00010000
00011111
00000000
00000000
00000000
00000000
00000000
00000000
00011111
00010000
00010000
00010000
00010000
00010000
00010000
00010000
00010000
00011111
00000000
00000000
00000000
00000000
00000000
00000000
00011111
00010000
00010000
00010000
00010000
00010000
00010000
00010000
00010000
00011111
00000000
00000000
00000000
00000000
00000000
00000000
00011111
00010000
00010000
00010000
00010000
00010000
00010000
00010000
00010000
00011111
00000000
00000000
00000000
00000000
00000000
00000000
00011111
00010000
00010000
00010000
00010000
00010000
00010000
00010000
00010000
00011111
00000000
00000000
00000000
00000000
00000000
00000000
00011111
00010000
00010000
00010000
00010000
00010000
00010000
00010000
00010000
00011111
00000000
00000000
00000000
00000000
00000000
00000000
00011111
00010000
00010000
00010000
00010000
00010000
00010000
00010000
00010000
00011111
00000000
00000000
00000000
00000000
00000000
00000000
00011111
00010000
00010000
00010000
00010000
00010000
00010000
00010000
00010000
00011111
00000000
00000000
00000000
00000000
00000000
00000000
00011111
00010000
00010000
00010000
00010000
00010000
00010000
00010000
00010000
00011111
00000000
00000000
00000000
00000000
00000000
00000000
00011111
00010000
00010000
00010000
00010000
00010000
00010000
00010000
00010000
00011111
00000000
00000000
00000000
00000000
00000000
00000000
00011111
00010000
00010000
00010000
00010000
00010000
00010000
00010000
00010000
00011111
00000000
00000000
00000000
00000000
00000000
00000000
00011111
00010000
00010000
00010000
00010000
00010000
00010000
00010000
00010000
00011111
00000000
00000000
00000000
00000000
00000000
00000000
00011111
00010000
00010000
00010000
00010000
00010000
00010000
00010000
00010000
00011111
00000000
00000000
00000000
00000000
00000000
00000000
00011111
00010000
00010000
00010000
00010000
00010000
00010000
00010000
00010000
00011111
00000000
00000000
00000000
00000000
00000000
00000000
00011111
00010000
00010000
00010000
00010000
00010000
00010000
00010000
00010000
00011111
00000000
00000000
00000000
00000000
00000000
00000000
00011111
00010000
00010000
00010000
00010000
00010000
00010000
00010000
00010000
00011111
00000000
00000000
00000000
00000000
00000000
00000000
00011111
00010000
00010000
00010000
00010000
00010000
00010000
00010000
00010000
00011111
00000000
00000000
00000000
00000000
00000000
00000000
00011111
00010000
00010000
00010000
00010000
00010000
00010000
00010000
00010000
00011111
00000000
00000000
00000000
00000000
00000000
00000000
00011111
00010000
00010000
00010000
00010000
00010000
00010000
00010000
00010000
00011111
00000000
00000000
00000000
00000000
00000000
00000000
00011111
00010000
00010000
00010000
00010000
00010000
00010000
00010000
00010000
00011111
00000000
00000000
00000000
00000000
00000000